-4 -5
-4 -6
-4 -7
-4 -8
-4 -9
-4 -10
-4 -11
-4 -12
-5 -6
-5 -7
-5 -8
-5 -9
-5 -10
-5 -11
-5 -12
-6 -7
-6 -8
-6 -9
-6 -10
-6 -11
-6 -12
-7 -8
-7 -9
-7 -10
-7 -11
-7 -12
-8 -9
-8 -10
-8 -11
-8 -12
-9 -10
-9 -11
-9 -12
-10 -11
-10 -12
-11 -12
-16 -17
-16 -18
-16 -19
-16 -20
-16 -21
-16 -22
-16 -23
-16 -24
-17 -18
-17 -19
-17 -20
-17 -21
-17 -22
-17 -23
-17 -24
-18 -19
-18 -20
-18 -21
-18 -22
-18 -23
-18 -24
-19 -20
-19 -21
-19 -22
-19 -23
-19 -24
-20 -21
-20 -22
-20 -23
-20 -24
-21 -22
-21 -23
-21 -24
-22 -23
-22 -24
-23 -24
-28 -29
-28 -30
-28 -31
-28 -32
-28 -33
-28 -34
-28 -35
-28 -36
-29 -30
-29 -31
-29 -32
-29 -33
-29 -34
-29 -35
-29 -36
-30 -31
-30 -32
-30 -33
-30 -34
-30 -35
-30 -36
-31 -32
-31 -33
-31 -34
-31 -35
-31 -36
-32 -33
-32 -34
-32 -35
-32 -36
-33 -34
-33 -35
-33 -36
-34 -35
-34 -36
-35 -36
-40 -41
-40 -42
-40 -43
-40 -44
-40 -45
-40 -46
-40 -47
-40 -48
-41 -42
-41 -43
-41 -44
-41 -45
-41 -46
-41 -47
-41 -48
-42 -43
-42 -44
-42 -45
-42 -46
-42 -47
-42 -48
-43 -44
-43 -45
-43 -46
-43 -47
-43 -48
-44 -45
-44 -46
-44 -47
-44 -48
-45 -46
-45 -47
-45 -48
-46 -47
-46 -48
-47 -48
-52 -53
-52 -54
-52 -55
-52 -56
-52 -57
-52 -58
-52 -59
-52 -60
-53 -54
-53 -55
-53 -56
-53 -57
-53 -58
-53 -59
-53 -60
-54 -55
-54 -56
-54 -57
-54 -58
-54 -59
-54 -60
-55 -56
-55 -57
-55 -58
-55 -59
-55 -60
-56 -57
-56 -58
-56 -59
-56 -60
-57 -58
-57 -59
-57 -60
-58 -59
-58 -60
-59 -60
-64 -65
-64 -66
-64 -67
-64 -68
-64 -69
-64 -70
-64 -71
-64 -72
-65 -66
-65 -67
-65 -68
-65 -69
-65 -70
-65 -71
-65 -72
-66 -67
-66 -68
-66 -69
-66 -70
-66 -71
-66 -72
-67 -68
-67 -69
-67 -70
-67 -71
-67 -72
-68 -69
-68 -70
-68 -71
-68 -72
-69 -70
-69 -71
-69 -72
-70 -71
-70 -72
-71 -72
-5 16 18 20
-6 17 20 21
-7 16 20 22 23
-8 17 18 19 21 23
-9 18 20 24
-10 19 23
-11 19 20 22 24
-12 23
-4 17 19
-17 28 30 32
-18 29 32 33
-19 28 32 34 35
-20 29 30 31 33 35
-21 30 32 36
-22 31 35
-23 31 32 34 36
-24 35
-16 29 31
-29 40 42 44
-30 41 44 45
-31 40 44 46 47
-32 41 42 43 45 47
-33 42 44 48
-34 43 47
-35 43 44 46 48
-36 47
-28 41 43
-41 52 54 56
-42 53 56 57
-43 52 56 58 59
-44 53 54 55 57 59
-45 54 56 60
-46 55 59
-47 55 56 58 60
-48 59
-40 53 55
-53 64 66 68
-54 65 68 69
-55 64 68 70 71
-56 65 66 67 69 71
-57 66 68 72
-58 67 71
-59 67 68 70 72
-60 71
-52 65 67
-5 1
-6 3
-7 3
-10 2
-12 1
-12 2
-17 13
-18 15
-19 15
-22 14
-24 13
-24 14
-29 25
-30 27
-31 27
-34 26
-36 25
-36 26
-41 37
-42 39
-43 39
-46 38
-48 37
-48 38
-53 49
-54 51
-55 51
-58 50
-60 49
-60 50
-65 61
-66 63
-67 63
-70 62
-72 61
-72 62
-1 13
-2 14
-3 15
-13 25
-14 26
-15 27
-25 37
-26 38
-27 39
-37 49
-38 50
-39 51
-49 61
-50 62
-51 63
1 -13 17 24
2 -14 22 24
3 -15 18 19
13 -25 29 36
14 -26 34 36
15 -27 30 31
25 -37 41 48
26 -38 46 48
27 -39 42 43
37 -49 53 60
38 -50 58 60
39 -51 54 55
49 -61 65 72
50 -62 70 72
51 -63 66 67
4
-1
61
-2
62
-3
63
0
1 Has(GOLD,0)
2 Has(WAND,0)
3 Has(RUBY,0)
4 At(START,0)
5 At(A,0)
6 At(B,0)
7 At(C,0)
8 At(D,0)
9 At(E,0)
10 At(F,0)
11 At(G,0)
12 At(H,0)
13 Has(GOLD,1)
14 Has(WAND,1)
15 Has(RUBY,1)
16 At(START,1)
17 At(A,1)
18 At(B,1)
19 At(C,1)
20 At(D,1)
21 At(E,1)
22 At(F,1)
23 At(G,1)
24 At(H,1)
25 Has(GOLD,2)
26 Has(WAND,2)
27 Has(RUBY,2)
28 At(START,2)
29 At(A,2)
30 At(B,2)
31 At(C,2)
32 At(D,2)
33 At(E,2)
34 At(F,2)
35 At(G,2)
36 At(H,2)
37 Has(GOLD,3)
38 Has(WAND,3)
39 Has(RUBY,3)
40 At(START,3)
41 At(A,3)
42 At(B,3)
43 At(C,3)
44 At(D,3)
45 At(E,3)
46 At(F,3)
47 At(G,3)
48 At(H,3)
49 Has(GOLD,4)
50 Has(WAND,4)
51 Has(RUBY,4)
52 At(START,4)
53 At(A,4)
54 At(B,4)
55 At(C,4)
56 At(D,4)
57 At(E,4)
58 At(F,4)
59 At(G,4)
60 At(H,4)
61 Has(GOLD,5)
62 Has(WAND,5)
63 Has(RUBY,5)
64 At(START,5)
65 At(A,5)
66 At(B,5)
67 At(C,5)
68 At(D,5)
69 At(E,5)
70 At(F,5)
71 At(G,5)
72 At(H,5)
